Q =  0.81557199 =  0.81557199 -  0.00000000
Q(1) =  0.04480209 =  0.04480209 -  0.00000000     (16 nodes)
Q(2) =  0.20530666 =  0.20530666 -  0.00000000     (64 nodes)
Q(3) =  0.04349717 =  0.04349717 -  0.00000000     (16 nodes)
Q(4) =  0.04610700 =  0.04610700 -  0.00000000     (16 nodes)
Q(5) =  0.04567203 =  0.04567203 -  0.00000000     (16 nodes)
Q(6) =  0.23488473 =  0.23488473 -  0.00000000     (64 nodes)
Q(7) =  0.10308830 =  0.10308830 -  0.00000000     (32 nodes)
Q(8) =  0.04567203 =  0.04567203 -  0.00000000     (16 nodes)
Q(9) =  0.04654197 =  0.04654197 -  0.00000000     (16 nodes)