Q =  0.78616352 =  0.78616352 -  0.00000000
Q(1) =  0.05031447 =  0.05031447 -  0.00000000     (5 nodes)
Q(2) =  0.30188679 =  0.30188679 -  0.00000000     (23 nodes)
Q(3) =  0.27044025 =  0.27044025 -  0.00000000     (18 nodes)
Q(4) =  0.15094340 =  0.15094340 -  0.00000000     (12 nodes)
Q(5) =  0.00628931 =  0.00628931 -  0.00000000     (2 nodes)
Q(6) =  0.00628931 =  0.00628931 -  0.00000000     (2 nodes)