Q =  0.68678630 =  0.68678630 -  0.00000000
Q(1) =  0.12398042 =  0.12398042 -  0.00000000     (18 nodes)
Q(2) =  0.05872757 =  0.05872757 -  0.00000000     (9 nodes)
Q(3) =  0.07177814 =  0.07177814 -  0.00000000     (11 nodes)
Q(4) =  0.11582382 =  0.11582382 -  0.00000000     (19 nodes)
Q(5) =  0.09298532 =  0.09298532 -  0.00000000     (15 nodes)
Q(6) =  0.02446982 =  0.02446982 -  0.00000000     (6 nodes)
Q(7) =  0.05709625 =  0.05709625 -  0.00000000     (10 nodes)
Q(8) =  0.02936378 =  0.02936378 -  0.00000000     (8 nodes)
Q(9) =  0.05057096 =  0.05057096 -  0.00000000     (9 nodes)
Q(10) =  0.06199021 =  0.06199021 -  0.00000000     (10 nodes)