Q =  0.87500000 =  0.87500000 -  0.00000000
Q(1) =  0.37500000 =  0.37500000 -  0.00000000     (3 nodes)
Q(2) =  0.50000000 =  0.50000000 -  0.00000000     (4 nodes)