Q =  0.92307692 =  0.92307692 -  0.00000000
Q(1) =  0.46153846 =  0.46153846 -  0.00000000     (4 nodes)
Q(2) =  0.46153846 =  0.46153846 -  0.00000000     (4 nodes)