Q =  0.71707317 =  0.71707317 -  0.00000000
Q(1) =  0.28292683 =  0.28292683 -  0.00000000     (38 nodes)
Q(2) =  0.02439024 =  0.02439024 -  0.00000000     (5 nodes)
Q(3) =  0.02439024 =  0.02439024 -  0.00000000     (5 nodes)
Q(4) =  0.02439024 =  0.02439024 -  0.00000000     (5 nodes)
Q(5) =  0.02439024 =  0.02439024 -  0.00000000     (5 nodes)
Q(6) =  0.03414634 =  0.03414634 -  0.00000000     (6 nodes)
Q(7) =  0.02439024 =  0.02439024 -  0.00000000     (5 nodes)
Q(8) =  0.02439024 =  0.02439024 -  0.00000000     (5 nodes)
Q(9) =  0.02439024 =  0.02439024 -  0.00000000     (5 nodes)
Q(10) =  0.03414634 =  0.03414634 -  0.00000000     (6 nodes)
Q(11) =  0.02439024 =  0.02439024 -  0.00000000     (5 nodes)
Q(12) =  0.02439024 =  0.02439024 -  0.00000000     (5 nodes)
Q(13) =  0.02439024 =  0.02439024 -  0.00000000     (5 nodes)
Q(14) =  0.02439024 =  0.02439024 -  0.00000000     (5 nodes)
Q(15) =  0.02439024 =  0.02439024 -  0.00000000     (5 nodes)
Q(16) =  0.02439024 =  0.02439024 -  0.00000000     (5 nodes)
Q(17) =  0.02439024 =  0.02439024 -  0.00000000     (5 nodes)
Q(18) =  0.02439024 =  0.02439024 -  0.00000000     (5 nodes)