Q =  0.94871795 =  0.94871795 -  0.00000000
Q(1) =  0.91025641 =  0.91025641 -  0.00000000     (31 nodes)
Q(2) =  0.03846154 =  0.03846154 -  0.00000000     (3 nodes)