Q =  0.86235708 =  0.86235708 -  0.00000000
Q(1) =  0.05277045 =  0.05277045 -  0.00000000     (16 nodes)
Q(2) =  0.04001759 =  0.04001759 -  0.00000000     (14 nodes)
Q(3) =  0.05496922 =  0.05496922 -  0.00000000     (18 nodes)
Q(4) =  0.05277045 =  0.05277045 -  0.00000000     (16 nodes)
Q(5) =  0.05277045 =  0.05277045 -  0.00000000     (16 nodes)
Q(6) =  0.05277045 =  0.05277045 -  0.00000000     (16 nodes)
Q(7) =  0.05277045 =  0.05277045 -  0.00000000     (16 nodes)
Q(8) =  0.05277045 =  0.05277045 -  0.00000000     (16 nodes)
Q(9) =  0.23966579 =  0.23966579 -  0.00000000     (64 nodes)
Q(10) =  0.05277045 =  0.05277045 -  0.00000000     (16 nodes)
Q(11) =  0.05277045 =  0.05277045 -  0.00000000     (16 nodes)
Q(12) =  0.05277045 =  0.05277045 -  0.00000000     (16 nodes)
Q(13) =  0.05277045 =  0.05277045 -  0.00000000     (16 nodes)