Q =  0.71069182 =  0.71069182 -  0.00000000
Q(1) =  0.07547170 =  0.07547170 -  0.00000000     (8 nodes)
Q(2) =  0.09433962 =  0.09433962 -  0.00000000     (9 nodes)
Q(3) =  0.22641509 =  0.22641509 -  0.00000000     (17 nodes)
Q(4) =  0.15723270 =  0.15723270 -  0.00000000     (14 nodes)
Q(5) =  0.15723270 =  0.15723270 -  0.00000000     (14 nodes)