Q =  0.87950748 =  0.87950748 -  0.00000000
Q(1) =  0.17766051 =  0.17766051 -  0.00000000     (48 nodes)
Q(2) =  0.05277045 =  0.05277045 -  0.00000000     (16 nodes)
Q(3) =  0.10378188 =  0.10378188 -  0.00000000     (31 nodes)
Q(4) =  0.11213720 =  0.11213720 -  0.00000000     (33 nodes)
Q(5) =  0.11257696 =  0.11257696 -  0.00000000     (32 nodes)
Q(6) =  0.05277045 =  0.05277045 -  0.00000000     (16 nodes)
Q(7) =  0.05277045 =  0.05277045 -  0.00000000     (16 nodes)
Q(8) =  0.10949868 =  0.10949868 -  0.00000000     (32 nodes)
Q(9) =  0.05277045 =  0.05277045 -  0.00000000     (16 nodes)
Q(10) =  0.05277045 =  0.05277045 -  0.00000000     (16 nodes)