Q =  1.00000000 =  1.00000000 -  0.00000000
Q(1) =  1.00000000 =  1.00000000 -  0.00000000     (3618 nodes)