Q =  0.75641026 =  0.75641026 -  0.00000000
Q(1) =  0.15384615 =  0.15384615 -  0.00000000     (8 nodes)
Q(2) =  0.16666667 =  0.16666667 -  0.00000000     (9 nodes)
Q(3) =  0.43589744 =  0.43589744 -  0.00000000     (17 nodes)