Q =  0.99257426 =  0.99257426 -  0.00000000
Q(1) =  0.47029703 =  0.47029703 -  0.00000000     (20 nodes)
Q(2) =  0.47029703 =  0.47029703 -  0.00000000     (20 nodes)
Q(3) =  0.05198020 =  0.05198020 -  0.00000000     (10 nodes)