Q =  0.85004398 =  0.85004398 -  0.00000000
Q(1) =  0.05277045 =  0.05277045 -  0.00000000     (16 nodes)
Q(2) =  0.05277045 =  0.05277045 -  0.00000000     (16 nodes)
Q(3) =  0.10598065 =  0.10598065 -  0.00000000     (32 nodes)
Q(4) =  0.05277045 =  0.05277045 -  0.00000000     (16 nodes)
Q(5) =  0.05277045 =  0.05277045 -  0.00000000     (16 nodes)
Q(6) =  0.05277045 =  0.05277045 -  0.00000000     (16 nodes)
Q(7) =  0.05277045 =  0.05277045 -  0.00000000     (16 nodes)
Q(8) =  0.05277045 =  0.05277045 -  0.00000000     (16 nodes)
Q(9) =  0.05277045 =  0.05277045 -  0.00000000     (16 nodes)
Q(10) =  0.11081794 =  0.11081794 -  0.00000000     (32 nodes)
Q(11) =  0.05277045 =  0.05277045 -  0.00000000     (16 nodes)
Q(12) =  0.05277045 =  0.05277045 -  0.00000000     (16 nodes)
Q(13) =  0.05277045 =  0.05277045 -  0.00000000     (16 nodes)
Q(14) =  0.05277045 =  0.05277045 -  0.00000000     (16 nodes)