Q =  0.94693345 =  0.94693345 -  0.00000000
Q(1) =  0.23792953 =  0.23792953 -  0.00000000     (64 nodes)
Q(2) =  0.22749021 =  0.22749021 -  0.00000000     (64 nodes)
Q(3) =  0.23488473 =  0.23488473 -  0.00000000     (64 nodes)
Q(4) =  0.24662897 =  0.24662897 -  0.00000000     (64 nodes)