Q =  0.61347518 =  0.61347518 -  0.00000000
Q(1) =  0.11879433 =  0.11879433 -  0.00000000     (14 nodes)
Q(2) =  0.30496454 =  0.30496454 -  0.00000000     (21 nodes)
Q(3) =  0.18971631 =  0.18971631 -  0.00000000     (20 nodes)