Q =  0.80503145 =  0.80503145 -  0.00000000
Q(1) =  0.07547170 =  0.07547170 -  0.00000000     (7 nodes)
Q(2) =  0.27672956 =  0.27672956 -  0.00000000     (21 nodes)
Q(3) =  0.18867925 =  0.18867925 -  0.00000000     (15 nodes)
Q(4) =  0.26415094 =  0.26415094 -  0.00000000     (19 nodes)