Q =  0.70473083 =  0.70473083 -  0.00000000
Q(1) =  0.07830343 =  0.07830343 -  0.00000000     (14 nodes)
Q(2) =  0.05872757 =  0.05872757 -  0.00000000     (9 nodes)
Q(3) =  0.07177814 =  0.07177814 -  0.00000000     (11 nodes)
Q(4) =  0.07830343 =  0.07830343 -  0.00000000     (12 nodes)
Q(5) =  0.06525285 =  0.06525285 -  0.00000000     (10 nodes)
Q(6) =  0.09298532 =  0.09298532 -  0.00000000     (15 nodes)
Q(7) =  0.07830343 =  0.07830343 -  0.00000000     (12 nodes)
Q(8) =  0.05709625 =  0.05709625 -  0.00000000     (10 nodes)
Q(9) =  0.06199021 =  0.06199021 -  0.00000000     (12 nodes)
Q(10) =  0.06199021 =  0.06199021 -  0.00000000     (10 nodes)