Q =  0.73658537 =  0.73658537 -  0.00000000
Q(1) =  0.05853659 =  0.05853659 -  0.00000000     (10 nodes)
Q(2) =  0.02439024 =  0.02439024 -  0.00000000     (5 nodes)
Q(3) =  0.02439024 =  0.02439024 -  0.00000000     (5 nodes)
Q(4) =  0.02439024 =  0.02439024 -  0.00000000     (5 nodes)
Q(5) =  0.12682927 =  0.12682927 -  0.00000000     (20 nodes)
Q(6) =  0.02439024 =  0.02439024 -  0.00000000     (5 nodes)
Q(7) =  0.12682927 =  0.12682927 -  0.00000000     (20 nodes)
Q(8) =  0.02439024 =  0.02439024 -  0.00000000     (5 nodes)
Q(9) =  0.12682927 =  0.12682927 -  0.00000000     (20 nodes)
Q(10) =  0.02439024 =  0.02439024 -  0.00000000     (5 nodes)
Q(11) =  0.12682927 =  0.12682927 -  0.00000000     (20 nodes)
Q(12) =  0.02439024 =  0.02439024 -  0.00000000     (5 nodes)