Q =  0.73076923 =  0.73076923 -  0.00000000
Q(1) =  0.30769231 =  0.30769231 -  0.00000000     (12 nodes)
Q(2) =  0.07692308 =  0.07692308 -  0.00000000     (5 nodes)
Q(3) =  0.25641026 =  0.25641026 -  0.00000000     (11 nodes)
Q(4) =  0.08974359 =  0.08974359 -  0.00000000     (6 nodes)