Q =  0.94306931 =  0.94306931 -  0.00000000
Q(1) =  0.47029703 =  0.47029703 -  0.00000000     (20 nodes)
Q(2) =  0.00000000 =  0.00000000 -  0.00000000     (1 nodes)
Q(3) =  0.42326733 =  0.42326733 -  0.00000000     (19 nodes)
Q(4) =  0.02475248 =  0.02475248 -  0.00000000     (5 nodes)
Q(5) =  0.02475248 =  0.02475248 -  0.00000000     (5 nodes)