Q =  0.95911266 =  0.95911266 -  0.00000000
Q(1) =  0.72248804 =  0.72248804 -  0.00000000     (190 nodes)
Q(2) =  0.23662462 =  0.23662462 -  0.00000000     (66 nodes)