Q =  0.67295597 =  0.67295597 -  0.00000000
Q(1) =  0.08176101 =  0.08176101 -  0.00000000     (8 nodes)
Q(2) =  0.05031447 =  0.05031447 -  0.00000000     (5 nodes)
Q(3) =  0.39622642 =  0.39622642 -  0.00000000     (22 nodes)
Q(4) =  0.00000000 =  0.00000000 -  0.00000000     (1 nodes)
Q(5) =  0.14465409 =  0.14465409 -  0.00000000     (11 nodes)
Q(6) =  0.00000000 =  0.00000000 -  0.00000000     (1 nodes)
Q(7) =  0.00000000 =  0.00000000 -  0.00000000     (1 nodes)
Q(8) =  0.00000000 =  0.00000000 -  0.00000000     (1 nodes)
Q(9) =  0.00000000 =  0.00000000 -  0.00000000     (1 nodes)
Q(10) =  0.00000000 =  0.00000000 -  0.00000000     (1 nodes)
Q(11) =  0.00000000 =  0.00000000 -  0.00000000     (1 nodes)
Q(12) =  0.00000000 =  0.00000000 -  0.00000000     (1 nodes)
Q(13) =  0.00000000 =  0.00000000 -  0.00000000     (1 nodes)
Q(14) =  0.00000000 =  0.00000000 -  0.00000000     (1 nodes)
Q(15) =  0.00000000 =  0.00000000 -  0.00000000     (1 nodes)
Q(16) =  0.00000000 =  0.00000000 -  0.00000000     (1 nodes)
Q(17) =  0.00000000 =  0.00000000 -  0.00000000     (1 nodes)
Q(18) =  0.00000000 =  0.00000000 -  0.00000000     (1 nodes)
Q(19) =  0.00000000 =  0.00000000 -  0.00000000     (1 nodes)
Q(20) =  0.00000000 =  0.00000000 -  0.00000000     (1 nodes)