Q =  0.79282219 =  0.79282219 -  0.00000000
Q(1) =  0.06851550 =  0.06851550 -  0.00000000     (12 nodes)
Q(2) =  0.08156607 =  0.08156607 -  0.00000000     (14 nodes)
Q(3) =  0.62642741 =  0.62642741 -  0.00000000     (83 nodes)
Q(4) =  0.01631321 =  0.01631321 -  0.00000000     (6 nodes)