Q =  0.75000000 =  0.75000000 -  0.00000000
Q(1) =  0.37500000 =  0.37500000 -  0.00000000     (3 nodes)
Q(2) =  0.00000000 =  0.00000000 -  0.00000000     (1 nodes)
Q(3) =  0.37500000 =  0.37500000 -  0.00000000     (3 nodes)